7.455057650804519653e-02 5.303388461470603943e-02 2.816551923751831055e-01 -3.426080569624900818e-02 -7.684319466352462769e-02 -2.149916887283325195e-01 4.274094402790069580e-01 4.562154710292816162e-01 7.041923701763153076e-02 3.704007863998413086e-01 -1.098991557955741882e-01 -1.197726055979728699e-01 2.967832386493682861e-01 4.495494365692138672e-01 2.848771512508392334e-01 3.498798012733459473e-01
6.661081910133361816e-01 5.891799330711364746e-01 2.934057079255580902e-02 2.783019244670867920e-01 -1.756785437464714050e-02 2.371332645416259766e-01 9.982732590287923813e-04 3.323564529418945312e-01 -1.682257354259490967e-01 -5.326842069625854492e-01 -5.559821724891662598e-01 5.220134928822517395e-02 -7.930277287960052490e-02 2.690151929855346680e-01 -1.819211542606353760e-01 -2.609756886959075928e-01
-1.616327464580535889e-01 -5.034819245338439941e-01 -4.710328765213489532e-03 3.866163194179534912e-01 2.661761641502380371e-01 1.657796651124954224e-01 -7.573164105415344238e-01 1.483234614133834839e-01 3.233340680599212646e-01 6.231113672256469727e-01 -2.619737642817199230e-04 5.714735984802246094e-01 -3.803620934486389160e-01 1.776476055383682251e-01 -5.033462643623352051e-01 6.328126192092895508e-01
5.184093713760375977e-01 1.666133254766464233e-01 -9.510605037212371826e-02 -9.515821933746337891e-03 3.759728670120239258e-01 4.056533277034759521e-01 -1.941270828247070312e-01 8.610011339187622070e-01 6.517961621284484863e-02 2.281145453453063965e-01 2.452192902565002441e-01 -5.382685363292694092e-02 2.824709117412567139e-01 -1.320107579231262207e-01 -4.728725180029869080e-02 4.635510146617889404e-01
-1.674056500196456909e-01 -5.628235340118408203e-01 7.968386635184288025e-03 3.857286646962165833e-02 7.437367737293243408e-02 3.607510924339294434e-01 6.349351257085800171e-02 -1.939523965120315552e-01 5.133841633796691895e-01 -5.238124132156372070e-01 6.586068272590637207e-01 -3.610906377434730530e-02 4.317428767681121826e-01 7.913270592689514160e-02 -3.388145267963409424e-01 -2.794888317584991455e-01
1.645793616771697998e-01 -2.591288648545742035e-02 -1.671473383903503418e-01 -8.564751744270324707e-01 1.484977547079324722e-02 -5.891709402203559875e-02 2.283477410674095154e-02 4.478572309017181396e-01 -2.248101681470870972e-01 1.882490515708923340e-01 -2.246045768260955811e-01 -5.811479687690734863e-01 1.136281341314315796e-01 -8.827434480190277100e-02 -6.284255981445312500e-01 -2.073152363300323486e-01
-5.115661770105361938e-02 -4.631657600402832031e-01 3.189119994640350342e-01 1.101362466812133789e+00 -1.717556416988372803e-01 -3.492353856563568115e-01 -1.748354732990264893e-02 7.574400901794433594e-01 3.329933583736419678e-01 -1.566354632377624512e-01 -2.735483832657337189e-02 5.094368457794189453e-01 -1.519146263599395752e-01 -1.062687933444976807e-01 2.174824774265289307e-01 -4.247809052467346191e-01
3.605681122280657291e-04 -5.973431468009948730e-02 -2.303609997034072876e-01 3.800089955329895020e-01 4.009228646755218506e-01 3.934105038642883301e-01 -9.366551786661148071e-02 1.694384366273880005e-01 -4.155994355678558350e-01 6.820710748434066772e-02 -2.223444432020187378e-01 -7.290016859769821167e-02 2.181124091148376465e-01 2.306163161993026733e-01 9.190244227647781372e-02 -8.188882470130920410e-02
-2.488109022378921509e-01 -5.380897521972656250e-01 -1.624319702386856079e-02 -6.114256978034973145e-01 3.030229806900024414e-01 -2.315002083778381348e-01 2.591547928750514984e-02 1.330697834491729736e-01 3.143307268619537354e-01 -1.472708135843276978e-01 1.279317289590835571e-01 1.009617280215024948e-02 -3.850899040699005127e-01 5.135758519172668457e-01 -5.336754322052001953e-01 -4.360006153583526611e-01
6.408566832542419434e-01 -2.975730597972869873e-01 2.340945154428482056e-01 -5.210261791944503784e-02 -3.312133848667144775e-01 4.058372676372528076e-01 3.052912950515747070e-01 -2.261210829019546509e-01 -3.410615324974060059e-01 1.001129597425460815e-01 3.170756399631500244e-01 -1.867320686578750610e-01 -2.284520491957664490e-02 -1.136107891798019409e-01 -1.067436411976814270e-01 2.620194852352142334e-01
-8.862028270959854126e-02 -3.263605237007141113e-01 -1.296365410089492798e-01 5.026772618293762207e-01 6.526547074317932129e-01 1.677926182746887207e-01 -2.448250800371170044e-01 2.518217861652374268e-01 2.262621968984603882e-01 1.004152745008468628e-01 1.804981231689453125e-01 4.031281471252441406e-01 -1.040879860520362854e-01 5.873343944549560547e-01 -1.917143762111663818e-01 3.334855735301971436e-01
-2.241332381963729858e-01 -1.049022451043128967e-01 -3.318184316158294678e-01 2.292668372392654419e-01 4.822995960712432861e-01 6.355707645416259766e-01 -7.798203229904174805e-01 -7.765006422996520996e-01 -1.432621181011199951e-01 -3.938305191695690155e-03 -7.737085223197937012e-01 -2.294106967747211456e-02 -2.182749807834625244e-01 -3.519254922866821289e-01 3.998599052429199219e-01 -1.237222403287887573e-01
-1.210522726178169250e-01 1.102275252342224121e+00 3.415222167968750000e-01 4.748314917087554932e-01 -6.838340759277343750e-01 3.238833248615264893e-01 8.360820822417736053e-03 -2.589979469776153564e-01 -2.419620156288146973e-01 6.255376338958740234e-01 3.485012650489807129e-01 -2.852210104465484619e-01 2.130722403526306152e-01 -7.523577213287353516e-01 -2.263924330472946167e-01 -2.083694562315940857e-02
4.013408422470092773e-01 1.324629485607147217e-01 4.470187723636627197e-01 5.305598974227905273e-01 -6.188638135790824890e-02 1.945292949676513672e-01 -4.722811579704284668e-01 -4.712480306625366211e-01 5.359706282615661621e-01 3.437653556466102600e-02 -2.843774259090423584e-01 -2.410213351249694824e-01 1.906095296144485474e-01 -2.385638058185577393e-01 -1.449494361877441406e-01 -4.155702292919158936e-01
3.060864806175231934e-01 -8.460339903831481934e-01 -3.705314099788665771e-01 8.868799209594726562e-01 -3.771251067519187927e-02 -2.697936296463012695e-01 4.754864051938056946e-02 6.576123833656311035e-02 -4.308483377099037170e-02 5.718082189559936523e-02 -4.593895673751831055e-01 1.655751615762710571e-01 5.221934616565704346e-02 1.006439998745918274e-01 3.319520652294158936e-01 -5.462908744812011719e-01
3.140602111816406250e-01 8.151330351829528809e-01 1.851094216108322144e-01 1.003152355551719666e-01 -9.118190407752990723e-02 -1.426312327384948730e-01 1.625966578722000122e-01 -2.160477787256240845e-01 -2.564442902803421021e-02 -5.590086430311203003e-02 -4.707360267639160156e-01 -3.436460793018341064e-01 5.332024097442626953e-01 -4.592272043228149414e-01 -8.925157040357589722e-02 1.226272433996200562e-01
