7.758265733718872070e-02 -9.738842397928237915e-02 3.508754773065447807e-03 5.232101082801818848e-01 6.082410812377929688e-01 -4.035025835037231445e-01 -5.475145578384399414e-02 4.865678027272224426e-02 7.796416431665420532e-02 5.285482406616210938e-01 2.086864411830902100e-01 1.771920770406723022e-01 4.167616367340087891e-01 6.243896484375000000e-01 -3.237433731555938721e-01 2.199996858835220337e-01
-1.354099065065383911e-01 2.913558483123779297e-01 4.837359115481376648e-02 5.819932222366333008e-01 7.180553674697875977e-02 5.101159214973449707e-01 3.236042559146881104e-01 -4.529850929975509644e-02 5.814027413725852966e-02 3.740301132202148438e-01 -3.107877075672149658e-01 -8.655668795108795166e-02 7.243507504463195801e-01 -1.120881959795951843e-01 5.915151536464691162e-02 -5.344787240028381348e-01
-1.576239168643951416e-01 2.572649419307708740e-01 4.261712729930877686e-01 1.677886098623275757e-01 -7.553063333034515381e-02 -8.366076350212097168e-01 3.538755178451538086e-01 2.496975660324096680e-01 1.366134136915206909e-01 2.963677644729614258e-01 2.276602834463119507e-01 -3.882691264152526855e-02 2.222325205802917480e-01 -7.152960449457168579e-02 -1.213388815522193909e-01 -4.213160574436187744e-01
2.502975761890411377e-01 -2.581600286066532135e-02 2.778388261795043945e-01 4.737931787967681885e-01 -3.063160460442304611e-03 -1.689446717500686646e-01 1.213447526097297668e-01 -4.137029051780700684e-01 -4.576157629489898682e-01 3.167031705379486084e-01 1.656119525432586670e-01 6.293804645538330078e-01 -2.154733091592788696e-01 -6.060782074928283691e-02 3.131381422281265259e-02 5.721360445022583008e-02
-1.280311644077301025e-01 2.385711371898651123e-01 -3.527881801128387451e-01 -2.047115415334701538e-01 -6.981845200061798096e-02 -4.251283705234527588e-01 -2.525893449783325195e-01 -5.969190597534179688e-01 -1.436876207590103149e-01 1.107408851385116577e-01 -2.760223150253295898e-01 6.091306209564208984e-01 -3.188276588916778564e-01 4.170425236225128174e-01 -9.111420810222625732e-02 -2.120384126901626587e-01
7.047728896141052246e-01 5.246595740318298340e-01 6.314233541488647461e-01 1.248920802026987076e-03 2.048578411340713501e-01 1.665433645248413086e-01 2.935195863246917725e-01 -1.991565376520156860e-01 1.238919608294963837e-02 -4.919859468936920166e-01 1.155435964465141296e-01 -4.747105836868286133e-01 -4.715783894062042236e-01 -1.725456677377223969e-02 4.457581639289855957e-01 4.324928224086761475e-01
3.374896049499511719e-01 6.401950716972351074e-01 -3.140449225902557373e-01 8.249173313379287720e-02 3.592183887958526611e-01 2.218669466674327850e-02 2.843993902206420898e-01 5.781559944152832031e-01 -9.172944724559783936e-02 1.432513594627380371e-01 2.945692241191864014e-01 1.043844595551490784e-02 1.814296841621398926e-01 -7.223257422447204590e-01 -6.183677166700363159e-02 2.664613537490367889e-02
-2.975338101387023926e-01 1.827043443918228149e-01 4.016995131969451904e-01 3.140997886657714844e-01 -4.522776007652282715e-01 -8.566111326217651367e-02 -9.416559338569641113e-01 3.043345510959625244e-01 -3.670510649681091309e-01 -3.671325370669364929e-02 -6.945577263832092285e-01 7.026553153991699219e-01 1.877013742923736572e-01 -3.120072185993194580e-01 3.317127227783203125e-01 3.227757513523101807e-01
-4.008002281188964844e-01 3.690598011016845703e-01 -2.118092775344848633e-01 -2.933013439178466797e-01 -1.848387569189071655e-01 -7.791384588927030563e-03 -3.387312889099121094e-01 -5.233423709869384766e-01 2.270719408988952637e-01 -4.092010483145713806e-02 4.359376803040504456e-02 1.783912777900695801e-01 3.481658697128295898e-01 -1.281522363424301147e-01 1.212299168109893799e-01 -3.383459448814392090e-01
1.052997410297393799e-01 1.197596117854118347e-01 1.308511793613433838e-01 -2.339334934949874878e-01 3.714013993740081787e-01 -3.069112896919250488e-01 -1.690600514411926270e-01 5.504438281059265137e-01 -2.046518325805664062e-01 8.767091482877731323e-02 6.654486805200576782e-02 -1.140787824988365173e-01 -1.294081006199121475e-02 5.661644935607910156e-01 1.153243631124496460e-01 -1.178589183837175369e-02
1.967851370573043823e-01 4.427096992731094360e-02 3.881135880947113037e-01 -4.802556633949279785e-01 -6.697801351547241211e-01 -7.236513495445251465e-01 -9.026995301246643066e-01 5.683495402336120605e-01 7.294547557830810547e-01 -5.244004726409912109e-01 -5.351644009351730347e-02 1.284972578287124634e-01 2.661321759223937988e-01 -3.429242670536041260e-01 -1.061418093740940094e-02 -1.243280917406082153e-01
-3.501053433865308762e-04 -2.157788276672363281e-01 1.112705245614051819e-01 -6.477611139416694641e-03 5.049831047654151917e-02 2.644427493214607239e-02 -2.525403797626495361e-01 -7.087878584861755371e-01 3.598702251911163330e-01 -7.869236469268798828e-01 -6.808731555938720703e-01 9.343443065881729126e-02 -7.679550349712371826e-02 8.139116317033767700e-02 -1.991910636425018311e-01 2.729299962520599365e-01
1.132750585675239563e-01 -1.648676693439483643e-01 -4.576454311609268188e-02 -3.238638341426849365e-01 -1.366291046142578125e-01 8.743824362754821777e-01 4.387241899967193604e-01 2.341079562902450562e-01 -2.698375470936298370e-02 -5.451769828796386719e-01 1.146686226129531860e-01 -1.802494674921035767e-01 1.009795591235160828e-01 -2.920833826065063477e-01 3.771873414516448975e-01 -3.113390207290649414e-01
-4.631571471691131592e-01 -4.156922399997711182e-01 4.723708629608154297e-01 -3.849176168441772461e-01 -6.063085794448852539e-02 -3.417002260684967041e-01 2.832746505737304688e-01 2.068597124889492989e-03 8.167358487844467163e-02 1.512871235609054565e-01 7.349578142166137695e-01 -2.646528184413909912e-01 1.746029406785964966e-01 -4.264391362667083740e-01 -4.930721819400787354e-01 -2.091617435216903687e-01
2.632612287998199463e-01 -1.853943616151809692e-01 -3.596783578395843506e-01 3.299776315689086914e-01 -1.148608103394508362e-01 -5.425872206687927246e-01 1.547721773386001587e-01 -4.566138088703155518e-01 -2.711035311222076416e-01 -5.274419188499450684e-01 -8.897042274475097656e-02 2.167268991470336914e-01 4.339563194662332535e-03 -3.287639617919921875e-01 3.356763422489166260e-01 1.164409890770912170e-01
4.532040655612945557e-01 9.398026764392852783e-02 9.728129208087921143e-02 -2.079932689666748047e-01 1.080567017197608948e-01 4.826241433620452881e-01 -1.292316615581512451e-01 2.233471870422363281e-01 -3.510689139366149902e-01 -5.779583454132080078e-01 3.548568785190582275e-01 3.908247053623199463e-01 6.303396821022033691e-02 4.547971487045288086e-01 5.866112112998962402e-01 -4.259263575077056885e-01
