-6.044999361038208008e-01 -8.507999591529369354e-03
-2.606221735477447510e-01 8.527513146400451660e-01
1.761343479156494141e-01 6.459624320268630981e-02
-4.216286540031433105e-02 2.982687763869762421e-02
-3.324120640754699707e-01 2.385857701301574707e-01
3.372663259506225586e-01 7.746136933565139771e-02
1.032280564308166504e+00 5.107567086815834045e-02
5.052433013916015625e-01 1.385168582201004028e-01
-1.215607970952987671e-01 3.704198300838470459e-01
3.673929274082183838e-01 -3.767376840114593506e-01
8.456430584192276001e-02 3.036719560623168945e-01
-2.172548025846481323e-01 2.594609558582305908e-02
5.692272186279296875e-01 -1.075036078691482544e-02
3.749360740184783936e-01 -3.684403002262115479e-01
-3.664484918117523193e-01 -4.354686141014099121e-01
9.392492771148681641e-01 -1.908146962523460388e-02
